100
7.0664 9.77587 6.71373 9.87367 6.4583 9.6741 6.44443 9.35634 6.75991 9.1186 7.05661 9.215 
0.227962 0.138472
6.95904 9.35319 6.50731 9.54297

7.58481 10.3394 7.246 10.4398 6.94154 10.2604 6.8786 9.86308 7.09199 9.60878 7.46598 9.58918 
0.277204 0.175847
7.12941 9.67298 7.20488 10.2632

8.12633 10.8379 7.7509 10.9672 7.37777 10.7059 7.36143 10.3316 7.64706 10.0558 7.99107 10.0708 
0.438825 0.0820664
7.64305 10.2036 7.6634 10.3551

8.56928 11.2788 8.19967 11.3744 7.93133 11.1198 7.96429 10.8062 8.27296 10.6133 8.56928 10.7212 
0.209252 0.167215
8.42307 11.1119 8.48508 11.2894

9.05612 11.8399 8.69704 11.9129 8.42777 11.7063 8.3976 11.3614 8.62014 11.1143 9.01919 11.1352 
0.333743 0.0943622
8.65613 11.135 8.85668 11.6129

9.50996 12.3788 9.13776 12.4015 8.88167 12.1121 8.97816 11.7102 9.29244 11.567 9.60624 11.6938 
0.3253 0.127327
9.01092 12.2309 9.1681 11.8559

10.0833 12.876 9.70213 12.9605 9.40974 12.7632 9.35765 12.339 9.639 12.0576 10.1088 12.1447 
0.302957 0.237431
9.96163 12.2319 9.6736 12.5037

10.5262 13.3231 10.218 13.3858 9.94858 13.1791 9.97302 12.7794 10.3138 12.6058 10.5837 12.726 
0.360481 0.021694
10.2471 13.08 10.1531 12.7602

11.0604 13.7429 10.8248 13.8552 10.5083 13.7043 10.4595 13.3959 10.6841 13.1633 10.9505 13.1773 
0.286425 0.0167741
10.6705 13.5346 10.8042 13.2073

11.6499 14.4321 11.2322 14.5518 10.8391 14.3109 10.7845 13.7917 11.0828 13.4882 11.4992 13.481 
0.573627 0.132811
11.0209 13.6939 11.1768 13.883

12.0823 14.7633 11.7664 14.8846 11.4838 14.7214 11.4289 14.3936 11.6871 14.1308 12.0214 14.1838 
0.259781 0.108895
11.7097 14.6247 12.0456 14.4413

12.4929 15.2971 12.1788 15.3329 11.9548 15.0797 12.0452 14.7539 12.3247 14.6466 12.6156 14.8392 
0.223007 0.0965993
12.1894 15.1548 12.382 15.1994

13.0905 16.024 12.6449 16.0787 12.2213 15.6551 12.3092 15.1563 12.6857 14.9119 13.1263 14.9975 
0.505809 0.319687
12.3184 15.6117 12.7677 15.6983

13.6808 16.4083 13.2611 16.557 12.8427 16.3202 12.7661 15.8368 13.109 15.4754 13.5271 15.49 
0.614569 0.119569
12.9242 15.7082 13.1774 16.1973

13.9643 16.7531 13.6919 16.7817 13.51 16.5832 13.5312 16.363 13.7424 16.2038 14.0311 16.3061 
0.213238 0.0118539
13.7181 16.2499 13.7394 16.3759

14.48 17.2478 14.2311 17.2985 14.0374 17.1578 14.014 16.8902 14.2053 16.7087 14.4928 16.7619 
0.20919 0.0180573
14.3851 16.9336 14.2284 17.2672

14.9813 17.814 14.7001 17.8485 14.4799 17.6702 14.4498 17.4062 14.6354 17.177 15.0079 17.203 
0.302756 0.00300496
14.6261 17.7352 14.9645 17.8003

15.6174 18.5079 15.0006 18.5187 14.7015 18.0209 14.8993 17.5549 15.4449 17.4189 15.8079 17.6826 
0.659458 0.24094
15.0213 17.8112 15.1385 17.6472

16.1109 18.8109 15.6788 18.9226 15.4118 18.7064 15.4049 18.3073 15.6936 18.0734 16.0998 18.1785 
0.441796 0.0420375
15.9158 18.4434 15.5726 18.7153

16.5037 19.326 16.2005 19.3713 15.9365 19.1252 15.9671 18.8078 16.2399 18.6203 16.526 18.689 
0.26665 0.0825966
15.9993 19.0967 16.039 19.0963

17.0821 19.9694 16.6675 20.0314 16.2959 19.714 16.3684 19.1628 16.8287 18.9531 17.254 19.1937 
0.487731 0.261659
17.0793 19.9487 16.733 19.0512

17.535 20.3356 17.2009 20.3975 16.9287 20.1731 16.9417 19.8014 17.1802 19.6082 17.5846 19.7053 
0.291043 0.119458
17.2329 19.8491 17 19.971

18.0563 20.9101 17.6188 20.9484 17.3224 20.5756 17.4189 20.2023 17.7747 20.0171 18.2145 20.2509 
0.345595 0.243121
18.0037 20.7463 17.7664 20.4189

18.6625 21.4639 18.1476 21.5687 17.737 21.1721 17.7954 20.6968 18.2897 20.4114 18.8046 20.6968 
0.744916 0.138277
17.9215 20.8134 18.2087 20.6175

19.0235 21.7861 18.6581 21.8342 18.4448 21.5755 18.5345 21.2524 18.7747 21.1378 19.09 21.2815 
0.20029 0.131502
18.6183 21.3049 18.6653 21.4081

19.5178 22.3929 19.1538 22.4247 18.8963 22.1969 18.915 21.7686 19.1913 21.5641 19.6231 21.688 
0.379732 0.107382
19.3106 22.1168 19.2084 22.0825

20.1127 22.8861 19.6547 22.9751 19.3362 22.6781 19.4139 22.1873 19.8777 22.0093 20.1968 22.201 
0.21903 0.403432
19.7213 22.2154 20.0011 22.7129

20.6086 23.3811 20.1566 23.4689 19.8337 23.1515 19.8556 22.7928 20.1404 22.5364 20.5742 22.5935 
0.570453 0.00713297
20.3883 23.354 20.1229 23.325

21.1522 23.8522 20.6627 23.9788 20.3128 23.6035 20.4022 23.2003 20.7566 23.0039 21.1267 23.1241 
0.31094 0.305747
20.8086 23.6391 20.6409 23.7508

21.6168 24.3398 21.2193 24.4575 20.8724 24.1815 20.8756 23.811 21.1564 23.5582 21.6048 23.6494 
0.253362 0.282243
21.46 23.7996 21.0699 23.7845

22.1317 24.9918 21.6365 25.0703 21.2581 24.7413 21.2581 24.2587 21.738 23.91 22.2339 24.0954 
0.308794 0.55828
21.9848 24.2864 21.3308 24.6759

22.4428 25.2686 22.206 25.2893 22.02 25.1189 22.0508 24.8255 22.3159 24.6962 22.5634 24.8479 
0.229332 0.00236729
22.1128 25.1872 22.3755 24.9023

23.0547 25.8505 22.7025 25.9221 22.4211 25.71 22.4106 25.3101 22.7849 25.067 23.1592 25.2577 
0.460898 0.0128139
22.729 25.2767 22.9674 25.4085

23.5541 26.4066 23.1518 26.456 22.8348 26.116 22.973 25.6493 23.4079 25.5328 23.7152 25.7603 
0.306736 0.273583
23.3903 26.2999 23.5264 26.2675

24.1132 26.8024 23.7848 26.9351 23.4087 26.6908 23.3884 26.3583 23.6727 26.0837 24.0969 26.1816 
0.307489 0.167095
23.7585 26.5024 23.4295 26.6152

24.5434 27.4578 24.1312 27.4903 23.8263 27.2109 23.8509 26.7407 24.291 26.4815 24.7445 26.7329 
0.551563 0.119763
23.9228 27.0088 24.0981 27.0707

25.107 27.893 24.7392 27.995 24.3966 27.7931 24.3376 27.3132 24.6213 27.0344 25.0418 27.0638 
0.563215 0.0217464
24.5184 27.4176 24.4079 27.7955

25.5083 28.2234 25.2947 28.3054 25.0695 28.2004 24.9983 27.9522 25.1119 27.7593 25.4095 27.7148 
0.201507 0.0150549
25.4257 27.927 25.1495 27.8351

26.084 28.9726 25.5327 28.9823 25.2487 28.4904 25.4837 28.0483 25.9886 27.9819 26.3273 28.3388 
0.676076 0.106215
25.7341 28.0384 25.3725 28.4707

26.5811 29.2811 26.2654 29.396 25.949 29.1866 25.9593 28.7953 26.2861 28.6027 26.6256 28.772 
0.322971 0.0818574
26.5142 28.8712 26.1582 29.1779

27.0779 29.7779 26.725 29.8858 26.4467 29.6723 26.4262 29.3785 26.6785 29.1262 26.9723 29.1467 
0.281633 0.0869693
26.4975 29.4419 26.4759 29.3815

27.5832 30.3897 27.1041 30.4401 26.8288 30.1002 26.9054 29.7237 27.342 29.5201 27.6994 29.7306 
0.285097 0.300784
27.1009 29.8061 27.193 30.0752

28.0848 30.8163 27.7188 30.9179 27.4277 30.7064 27.4351 30.2808 27.7334 30.0796 28.0848 30.1837 
0.368274 0.0818887
27.9202 30.4678 27.7278 30.3722

28.5194 31.3133 28.1567 31.3547 27.9222 31.0598 27.9867 30.7806 28.3 30.6175 28.5973 30.7593 
0.259807 0.104833
28.3239 30.6697 28.3986 31.2596

29.013 31.7538 28.7142 31.8201 28.4907 31.6187 28.495 31.3705 28.7482 31.1727 29.0302 31.2616 
0.232977 0.0395286
28.9979 31.3713 28.5355 31.5832

29.5345 32.2265 29.2886 32.3258 29.0297 32.1823 28.9866 31.9101 29.2267 31.6824 29.5305 31.7695 
0.241727 0.0261143
29.3455 31.7755 29.1683 32.082

30.131 32.9087 29.7542 33.0239 29.3356 32.7469 29.364 32.2059 29.7359 31.978 30.2255 32.1909 
0.384848 0.312804
29.4381 32.5567 29.9044 32.3951

30.477 33.2726 30.205 33.3108 29.9946 33.1112 30.0337 32.8136 30.3227 32.6757 30.5453 32.7867 
0.219823 0.0410643
30.0707 32.9957 30.1172 33.2225

31.064 33.9226 30.6627 33.979 30.3289 33.6622 30.3774 33.236 30.6964 33.0126 31.1703 33.1666 
0.526736 0.0827556
30.6918 33.4642 30.6588 33.4075

31.5032 34.2902 31.2507 34.3508 30.9789 34.1497 30.9996 33.8123 31.2203 33.6548 31.493 33.7029 
0.223588 0.072175
31.487 33.737 31.0323 33.8355

31.9842 34.8465 31.5979 34.8363 31.4193 34.5949 31.4747 34.2806 31.7522 34.1105 32.0522 34.1994 
0.213072 0.150346
31.716 34.382 31.9769 34.5904

32.5785 35.5024 32.161 35.5574 31.7602 35.1965 31.7882 34.7392 32.1417 34.4478 32.6615 34.5536 
0.618171 0.160567
32.49 35.1579 32.2896 35.3051

33.0514 35.8337 32.7131 35.9087 32.3984 35.6152 32.4753 35.2371 32.7563 35.0845 33.1464 35.2664 
0.345827 0.0945066
32.5069 35.5688 33.0543 35.516

33.6415 36.3185 33.195 36.455 32.8734 36.1899 32.8877 35.7808 33.1635 35.5534 33.5939 35.6371 
0.379611 0.164077
33.2106 35.587 33.3512 36.2233

34.0683 36.9647 33.6342 37.0103 33.3307 36.7601 33.3098 36.2818 33.7626 35.9647 34.1924 36.1341 
0.646008 0.0533546
33.7928 36.1342 33.8219 36.8275

34.6046 37.435 34.0589 37.4732 33.7702 37.037 33.8873 36.6658 34.3 36.4689 34.6689 36.618 
0.586227 0.101329
34.1249 37.0482 33.9862 37.2782

35.1117 37.8715 34.6502 37.9612 34.3415 37.6579 34.4397 37.1755 34.8338 37.0163 35.2199 37.2576 
0.323571 0.278719
34.5082 37.3174 35.1909 37.3717

35.6117 38.4988 35.0702 38.5415 34.7585 38.2298 34.7855 37.7148 35.3103 37.4119 35.7818 37.6626 
0.63262 0.231065
35.3962 38.2238 35.0616 38.0293

36.1378 38.9323 35.7427 39.0456 35.2988 38.7231 35.3297 38.2174 35.6488 37.9726 36.1378 38.0677 
0.303946 0.424606
35.3261 38.7108 35.5232 38.3366

36.5217 39.2643 36.2283 39.3374 35.9825 39.1348 35.9873 38.8542 36.2819 38.6555 36.5755 38.7924 
0.203605 0.0975342
36.3186 38.7448 36.0329 39.0603

37.0149 39.8877 36.5851 39.8877 36.3761 39.6296 36.4016 39.3057 36.7307 39.0622 37.1079 39.1811 
0.467444 0.00400122
37.0268 39.7383 36.9874 39.4018

37.5915 40.4665 37.0851 40.5063 36.754 40.067 36.8849 39.6391 37.3 39.4499 37.7214 39.6464 
0.524343 0.222886
37.5296 39.7782 37.0036 40.3376

38.0443 40.7713 37.7117 40.8543 37.449 40.6006 37.5123 40.2752 37.8127 40.1351 38.1253 40.3342 
0.318131 0.0253808
37.8418 40.3048 37.8296 40.1944

38.534 41.4222 38.0809 41.4301 37.8297 41.1086 37.9145 40.7095 38.2747 40.5179 38.6103 40.6302 
0.537354 0.0152144
38.1478 41.0831 38.0936 41.2812

39.1272 41.8051 38.761 41.9457 38.4675 41.7994 38.3623 41.407 38.6692 41.0721 39.0371 41.1206 
0.274615 0.214861
38.7511 41.5208 38.6029 41.7532

39.5955 42.4067 39.2214 42.4965 38.8561 42.236 38.8832 41.7189 39.3 41.4973 39.6677 41.6572 
0.494415 0.129988
39.3581 42.2091 39.4117 41.6036

40.114 43.0025 39.6367 43.0696 39.263 42.7504 39.2397 42.3071 39.559 41.9587 40.0963 41.9868 
0.628615 0.181773
40.0536 42.8848 39.8286 42.5095

40.5382 43.3668 40.1721 43.4183 39.9004 43.1779 39.8945 42.8361 40.1361 42.5945 40.5053 42.6138 
0.288339 0.151698
39.9536 42.967 39.9494 43.2052

41.1261 43.8041 40.8 43.9459 40.4392 43.7621 40.3596 43.4302 40.5907 43.1063 41.0297 43.1178 
0.447682 0.0376434
41.0082 43.3485 40.8926 43.3637

41.5435 44.4217 41.1495 44.4631 40.8518 44.1903 40.8741 43.7639 41.1576 43.5344 41.5211 43.5662 
0.482961 0.0521355
40.9063 44.2397 41.2216 44.2332

42.019 44.7115 41.7471 44.7998 41.5178 44.614 41.5288 44.3618 41.7629 44.1979 42.0431 44.3168 
0.222394 0.014567
41.5599 44.4408 41.6553 44.6685

42.4838 45.3456 42.1471 45.3603 41.9397 45.1529 41.9958 44.7537 42.3068 44.6086 42.6283 44.7868 
0.321324 0.0592623
42.2507 45.199 42.3351 45.0821

43.1302 45.8799 42.6782 45.9884 42.3476 45.7206 42.3641 45.2483 42.8088 44.9967 43.1741 45.1632 
0.412732 0.223175
42.6608 45.2986 43.0969 45.5832

43.5799 46.2799 43.2449 46.392 42.9757 46.2271 42.9176 45.8975 43.1141 45.6504 43.4091 45.6194 
0.250644 0.109581
43.1987 45.9587 43.4634 45.9829

44.0604 46.9167 43.5618 46.9297 43.3161 46.5853 43.3927 46.2253 43.7914 46.0087 44.2212 46.2469 
0.409991 0.197324
43.7681 46.4307 44.1447 46.3965

44.6602 47.478 44.125 47.5724 43.7219 47.1549 43.8483 46.6073 44.4142 46.4125 44.8285 46.719 
0.823684 0.0928495
44.0312 47.1317 44.4284 46.8333

45.1859 47.9439 44.6379 48.0654 44.2958 47.8029 44.2375 47.328 44.5702 46.9586 45.0941 46.9906 
0.774982 0.0508422
44.5041 47.034 44.2871 47.2915

45.5164 48.3091 45.1346 48.3392 44.9309 48.0785 45.0379 47.7285 45.3329 47.6241 45.5891 47.7574 
0.310866 0.0429142
45.0633 48.0963 45.4508 48.2158

46.1973 48.9114 45.6233 49.0439 45.286 48.7507 45.2998 48.2227 45.7502 47.9303 46.2182 48.11 
0.754322 0.0695734
45.5693 48.8196 45.6448 49.0082

46.6948 49.4385 46.2691 49.5892 45.7697 49.2586 45.7996 48.6873 46.3206 48.4103 46.8057 48.6961 
0.585478 0.30504
46.497 49.3486 46.4501 49.4105

46.9784 49.7969 46.6536 49.8139 46.4655 49.5896 46.5386 49.2728 46.7758 49.1545 47.0318 49.2426 
0.241855 0.0464496
46.5784 49.6901 46.5684 49.2646

47.5966 50.3072 47.1895 50.4125 46.8856 50.1033 46.9502 49.7551 47.2925 49.573 47.6498 49.7551 
0.366169 0.0999789
47.1587 50.3386 47.2947 49.6661

48.0245 50.8457 47.6389 50.8795 47.4079 50.6274 47.4889 50.2295 47.8857 50.0968 48.164 50.3065 
0.279319 0.15214
47.703 50.1995 47.7785 50.649

48.5335 51.3596 48.1188 51.3886 47.8971 51.1467 47.9575 50.7419 48.3299 50.5722 48.6637 50.7728 
0.450847 0.0126493
48.0817 50.9808 48.2002 51.0829

49.0371 51.7371 48.7303 51.828 48.487 51.6202 48.5287 51.3029 48.765 51.1666 49.0452 51.2713 
0.269452 0.0148032
49.0042 51.7211 48.5688 51.3164

49.6073 52.4917 49.0922 52.5413 48.7551 52.1983 48.8309 51.6592 49.2697 51.421 49.7917 51.6927 
0.526264 0.320011
49.5623 51.7823 49.0622 52.3173

49.9812 52.8139 49.7001 52.8484 49.4516 52.5999 49.5223 52.267 49.8063 52.1376 50.117 52.3243 
0.229664 0.101403
49.8562 52.5725 49.7214 52.5731

50.4803 53.3391 50.175 53.3632 49.9243 53.0799 50.0381 52.7191 50.3929 52.6273 50.6452 52.8316 
0.245773 0.126702
50.4181 52.959 50.1515 53.1424

51.0032 53.8253 50.6259 53.8417 50.417 53.5201 50.6025 53.1712 50.956 53.1496 51.1581 53.3626 
0.28298 0.0931552
50.9879 53.8164 50.7381 53.684

51.6654 54.4203 51.1095 54.5233 50.7674 54.1628 50.8129 53.73 51.1465 53.4646 51.658 53.5734 
0.270071 0.492402
51.0805 53.5517 51.3494 54.239

52.0894 54.884 51.7497 54.9782 51.411 54.7826 51.3227 54.4414 51.5174 54.111 51.8586 54.0227 
0.4306 0.0567248
51.7177 54.9365 51.9765 54.7823

52.5348 55.3116 52.1794 55.371 51.9436 55.1587 51.9524 54.8229 52.2728 54.6108 52.6074 54.7598 
0.258395 0.124062
52.2817 54.9113 52.3729 55.2389

53.0047 55.8849 52.6509 55.9097 52.3903 55.6491 52.4612 55.2256 52.838 55.0657 53.1776 55.282 
0.311554 0.164923
52.8093 55.2426 52.6562 55.176

53.5372 56.2929 53.1835 56.3585 52.93 56.0719 53.0382 55.7289 53.3655 55.6288 53.6264 55.8115 
0.206993 0.156336
53.3711 56.3127 53.154 56.2849

54.0988 56.7886 53.8217 56.9149 53.5062 56.7938 53.3846 56.4927 53.5617 56.1597 53.9756 56.1235 
0.245055 0.16615
53.5066 56.5552 54.0271 56.5573

54.5623 57.4542 54.0299 57.4496 53.7762 56.9725 53.949 56.6102 54.4269 56.4911 54.7959 56.8292 
0.323172 0.380319
54.3271 57.0425 54.3526 56.5557

55.0654 57.9086 54.5713 57.9302 54.3393 57.6586 54.3914 57.2346 54.6987 57.0234 55.0509 57.0824 
0.201505 0.348321
54.7748 57.1862 54.9173 57.2405

55.5814 58.3735 55.1478 58.4421 54.8797 58.205 54.8634 57.8324 55.1401 57.5606 55.5682 57.6169 
0.29909 0.224885
55.5684 57.9808 54.976 57.919

55.974 58.7679 55.665 58.7895 55.4999 58.6092 55.5553 58.2947 55.8056 58.1806 56.0447 58.2947 
0.218202 0.0340788
55.741 58.2857 55.8234 58.3282

56.531 59.2657 56.1854 59.3329 55.9599 59.0911 56.051 58.751 56.3732 58.6556 56.6348 58.8912 
0.251057 0.0703845
56.2647 58.7509 56.4592 59.2406

